D:\project\data-set\train\糊番裂妄_1547544082.jpg 86,260,126,300,0 258,174,293,209,0 258,259,301,300,0 172,260,220,307,0
D:\project\data-set\train\拐渍炎瞅_1547544083.jpg 172,217,211,255,0 129,260,171,302,0 215,216,241,241,0 129,88,175,133,0
D:\project\data-set\train\雹慷_1547544083.jpg 129,89,176,133,0 258,259,284,285,0
D:\project\data-set\train\珐赊_1547544083.jpg 258,217,296,254,0 172,130,216,172,0
D:\project\data-set\train\执盈万胀_1547544083.jpg 172,45,220,92,0 172,217,208,250,0 215,133,249,166,0 43,173,74,203,0
D:\project\data-set\train\勿耍娥驼席逆_1547544083.jpg 258,44,291,76,0 258,174,295,209,0 43,216,63,236,0 172,260,207,294,0 258,131,298,170,0 129,131,177,176,0
D:\project\data-set\train\硫讥二访砚_1547544083.jpg 43,130,82,168,0 172,89,199,116,0 86,53,133,94,0 258,131,302,174,0 172,218,209,254,0
D:\project\data-set\train\宿驰锣_1547544083.jpg 215,130,248,162,0 258,216,297,253,0 215,174,265,222,0
D:\project\data-set\train\盐践莆_1547544083.jpg 86,44,115,71,0 86,87,123,123,0 215,130,260,173,0
D:\project\data-set\train\疯殴饭裔_1547544083.jpg 215,259,239,283,0 129,260,166,295,0 43,131,77,165,0 258,45,291,78,0
